HETE-2                  
1 26561U 00061A   13126.33961609  .00003994  00000-0  24717-3 0  8614
2 26561   1.9480 147.9694 0021485 136.8959 223.3540 14.99774398688175
TOPEX/POSEIDON          
1 22076U 92052A   13127.14220353 -.00000034  00000-0  11788-3 0   176
2 22076  66.0421   1.1513 0008134 272.9381 265.2182 12.80974691970118
TRMM                    
1 25063U 97074A   13127.93407166  .00020683  00000-0  28911-3 0  3169
2 25063  34.9631 300.9551 0004870 329.8422  29.6300 15.55856859881538
WISE                    
1 36119U 09071A   13127.84377198  .00003182  00000-0  16371-3 0  9814
2 36119  97.5184 135.5030 0003807 149.3837 304.8433 15.17160948187683
LANDSAT 7               
1 25682U 99020A   13128.34861017  .00000315  00000-0  79983-4 0  1157
2 25682  98.1943 198.3859 0000536  89.7826 270.3428 14.57119400748036
HINODE (SOLAR-B)        
1 29479U 06041A   13128.53140595  .00000590  00000-0  12364-3 0   847
2 29479  98.1162 128.3678 0016406 254.4941 251.8229 14.63205640353800
IUE                     
1 10637U 78012A   13126.04966870 -.00000364  00000-0  00000+0 0  8855
2 10637  43.9687 356.5477 1479227 181.2747 178.2439  1.00064192 81652
TERRA                   
1 25994U 99068A   13128.50104216  .00000436  00000-0  10686-3 0   948
2 25994  98.2084 204.0064 0001341  96.7502 263.3854 14.57133903712137